## Cache tags generated: Wed May  8 03:16:04 2024

[system.ruby.l2_cntrl0.L2cache]
addresses=4096 4160 8192 8256 8320 8384 8448 8512 8576 8640 8704 8768 12288 12352 12416 12480 12544 12608 12672 12736 12800 12864 12928 13056 13120 13184 13248 13312 13376 13440 13504 13568 13632 13696 13760 13824 13888 13952 14016 14080 14144 14208 14272 14336 14400 14464 14528 14592 14656 14720 14784 14848 14912 14976 15040 15104 15168 15232 15296 15360 15424 15488 15552 15680 15744 15808 15872 15936 16000 16064 16128 16192 16256 16320 16384 20480 28160
replacements=0 0 0 0 0 0 0 0 0 0 0 0 0 0 0 0 0 0 0 0 0 0 0 0 0 0 0 0 0 0 0 0 0 0 0 0 0 0 0 0 0 0 0 0 0 0 0 0 0 0 0 0 0 0 0 0 0 0 0 0 0 0 0 0 0 0 0 0 0 0 0 0 0 0 0 0 0

[system.ruby.l1_cntrl0.L1Icache]
addresses=8192 8256 8320 8384 8448 8512 8576 8640 8704 8768
replacements=0 0 0 0 0 0 0 0 0 0

[system.ruby.l1_cntrl0.L1Dcache]
addresses=20480 12288 13696 15104 15168 15744 28160 15872 16064 16128 16192 16256
replacements=8 8 0 0 0 0 0 0 0 0 0 0
