## Cache tags generated: Sun Jun  9 07:21:33 2024

[system.ruby.l2_cntrl0.L2cache]
addresses=4096 4160 4224 4288 4352 4416 4480 4544 4608 8256 1860864 1378048 1378112 1182912 1182976 4104128 457600 457664 513664 513728
replacements=0 0 0 0 0 0 0 0 0 0 0 0 0 0 0 0 0 0 0 0

[system.ruby.l1_cntrl0.L1Icache]
addresses=4096 4160 4224 4288 4352 4416 4480 4544 4608
replacements=0 0 0 0 0 0 0 0 0

[system.ruby.l1_cntrl0.L1Dcache]
addresses=8256 1860864 513664 513728 1378048 1378112 457600 457664 1182912 1182976 4104128
replacements=0 0 0 0 0 0 0 0 0 0 0
